7.772135734558105469e-02
1.710212826728820801e-01
6.519002914428710938e-01
3.007930517196655273e-01
2.053272724151611328e-01
3.851592540740966797e-02
4.387199282646179199e-01
1.186541914939880371e-01
6.574085950851440430e-01
7.945095300674438477e-01
3.050625324249267578e-02
7.260400056838989258e-02
1.499087214469909668e-01
8.259785175323486328e-02
1.350085139274597168e-01
2.339822053909301758e-02
9.161446094512939453e-01
4.545664191246032715e-01
8.194875717163085938e-02
1.767834424972534180e-01
8.798195123672485352e-01
4.102237820625305176e-01
7.673645615577697754e-01
2.830827236175537109e-02
5.602576732635498047e-01
3.633290529251098633e-01
6.938284635543823242e-02
5.725855231285095215e-01
7.620215415954589844e-02
1.943871378898620605e-01
9.854180216789245605e-01
7.986891269683837891e-02
1.664802432060241699e-01
7.148043513298034668e-01
4.325032234191894531e-03
1.561117172241210938e-02
3.240725398063659668e-01
1.978582739830017090e-01
3.925029635429382324e-01
7.257322669029235840e-01
6.043026447296142578e-01
2.634286880493164062e-01
5.016043186187744141e-01
2.059340476989746094e-02
3.683364987373352051e-01
6.415188312530517578e-02
7.754081487655639648e-02
2.108460664749145508e-02
9.291086792945861816e-01
7.721394300460815430e-02
7.726567983627319336e-02
1.225892305374145508e-01
4.197286963462829590e-01
2.491283416748046875e-02
5.663031339645385742e-01
6.320243477821350098e-01
2.278268337249755859e-02
4.278175234794616699e-01
3.793489933013916016e-01
6.605571508407592773e-02
7.310807704925537109e-01
9.321975111961364746e-01
9.203547835350036621e-01
7.349747419357299805e-02
6.361320614814758301e-01
7.839429378509521484e-02
7.725334167480468750e-02
1.800482869148254395e-01
1.004884839057922363e-01
5.762177705764770508e-02
8.463010787963867188e-01
7.468529939651489258e-01
2.749624848365783691e-01
2.583495378494262695e-01
9.885090589523315430e-02
7.681912183761596680e-02
6.201713681221008301e-01
8.232700824737548828e-02
2.815604209899902344e-03
2.868628501892089844e-02
1.767498850822448730e-01
8.460480570793151855e-01
3.872346878051757812e-02
9.354038834571838379e-01
1.961529254913330078e-01
2.204242348670959473e-01
7.849901914596557617e-02
4.638332128524780273e-02
3.947560191154479980e-01
5.409638881683349609e-01
7.256197929382324219e-02
5.309154391288757324e-01
7.613903284072875977e-02
2.486909627914428711e-01
1.766276955604553223e-01
6.882029175758361816e-01
5.019694566726684570e-01
2.810773253440856934e-01
1.267957687377929688e-02
2.397485971450805664e-01
7.520180940628051758e-02
5.730586051940917969e-01
8.456833362579345703e-01
9.637295603752136230e-01
2.232022285461425781e-01
1.357632875442504883e-01
7.047277688980102539e-02
2.311559915542602539e-01
4.432508945465087891e-01
2.060896158218383789e-02
4.100084304809570312e-03
1.463620662689208984e-01
3.097057342529296875e-03
2.557275295257568359e-01
2.148896455764770508e-02
3.903214335441589355e-01
5.676904916763305664e-01
3.182156085968017578e-01
2.686113119125366211e-02
1.903130412101745605e-01
1.180097460746765137e-01
3.332462906837463379e-01
5.387149453163146973e-01
7.592117786407470703e-02
9.170326590538024902e-01
2.573283910751342773e-01
7.450612783432006836e-01
1.966838240623474121e-01
2.075862288475036621e-01
7.187163829803466797e-02
3.181731700897216797e-02
8.405392169952392578e-01
4.316271543502807617e-01
9.699881076812744141e-02
3.043597936630249023e-02
2.765492796897888184e-01
2.976525425910949707e-01
9.996527433395385742e-02
6.436591744422912598e-01
2.971767783164978027e-01
5.921785831451416016e-01
3.327886462211608887e-01
9.765641689300537109e-01
5.386762619018554688e-01
8.169013857841491699e-01
1.343505382537841797e-01
1.910113096237182617e-01
1.486480236053466797e-02
4.115860462188720703e-01
3.826534748077392578e-01
7.915409207344055176e-01
3.716713190078735352e-02
6.660310029983520508e-01
2.663064002990722656e-02
7.542753219604492188e-02
8.069199323654174805e-02
8.305472135543823242e-02
3.424823880195617676e-01
3.130502700805664062e-01
6.575539112091064453e-01
2.116923928260803223e-01
5.953574180603027344e-01
3.813058137893676758e-02
1.945458650588989258e-01
2.170681953430175781e-02
5.529696941375732422e-01
2.172362804412841797e-02
6.016606092453002930e-02
4.349501729011535645e-01
5.111635327339172363e-01
1.101067066192626953e-01
6.159788370132446289e-02
7.462625503540039062e-01
7.573252916336059570e-02
7.808623313903808594e-01
1.193892955780029297e-01
9.077835083007812500e-02
9.612202644348144531e-03
2.944298982620239258e-01
3.491804599761962891e-01
2.480199933052062988e-01
4.876971244812011719e-03
1.327554583549499512e-01
4.471408724784851074e-01
5.283551812171936035e-01
7.831412553787231445e-02
3.455710411071777344e-01
4.679298996925354004e-01
2.787280678749084473e-01
3.419816493988037109e-03
1.223546266555786133e-01
2.563709020614624023e-02
2.714049816131591797e-01
2.149601578712463379e-01
4.859862923622131348e-01
1.591066122055053711e-01
1.169847846031188965e-01
2.191531658172607422e-02
9.800267219543457031e-02
1.183146834373474121e-01
2.917370796203613281e-01
7.383929491043090820e-01
1.217586994171142578e-01
2.760714292526245117e-01
2.005864381790161133e-01
2.993195056915283203e-01
3.736482858657836914e-01
3.453612923622131348e-01
7.399427890777587891e-02
2.807033061981201172e-02
2.768185138702392578e-01
2.377128601074218750e-02
9.659094214439392090e-01
3.270372152328491211e-01
1.600515842437744141e-02
3.032393455505371094e-01
4.276552796363830566e-01
8.463873267173767090e-01
5.824708938598632812e-02
7.684814929962158203e-02
4.924563169479370117e-01
7.753521203994750977e-02
7.430946826934814453e-02
1.004567742347717285e-01
8.420894145965576172e-01
3.044954538345336914e-01
2.063808441162109375e-01
1.816893815994262695e-01
2.114826440811157227e-02
9.845514297485351562e-01
1.179332137107849121e-01
9.559767842292785645e-01
3.238509893417358398e-01
1.014453172683715820e-02
8.129101991653442383e-02
7.301849126815795898e-02
6.847432255744934082e-01
2.013504505157470703e-01
1.801773905754089355e-01
2.728414535522460938e-01
2.017767429351806641e-01
7.142901420593261719e-03
7.299172878265380859e-02
3.222094774246215820e-01
1.219773292541503906e-02
3.182265758514404297e-01
7.240939140319824219e-02
2.239632606506347656e-02
7.057094573974609375e-02
8.552867174148559570e-02
2.783035635948181152e-01
9.134425520896911621e-01
1.213668584823608398e-01
3.454852700233459473e-01
7.347691059112548828e-02
4.418975114822387695e-02
7.928597927093505859e-02
3.878784179687500000e-02
1.426857709884643555e-01
3.529978990554809570e-01
7.405948638916015625e-02
1.146348714828491211e-01
2.657074332237243652e-01
8.861601352691650391e-01
4.794307351112365723e-01
7.962646484375000000e-01
5.319681167602539062e-01
1.124162673950195312e-01
2.754219770431518555e-01
5.713888406753540039e-01
2.714514732360839844e-02
7.214797139167785645e-01
7.643252611160278320e-02
2.738072276115417480e-01
2.340865731239318848e-01
7.149714231491088867e-02
4.882967472076416016e-02
2.582061290740966797e-02
4.813426733016967773e-02
8.376282453536987305e-02
9.929233789443969727e-02
7.566833496093750000e-02
4.092606306076049805e-01
3.444924354553222656e-01
5.298054218292236328e-02
5.594992637634277344e-02
1.086261868476867676e-01
1.363223791122436523e-02
4.749544262886047363e-01
1.388896107673645020e-01
1.213141083717346191e-01
5.384409427642822266e-01
1.944357156753540039e-02
3.577584028244018555e-02
6.901919841766357422e-03
7.486283779144287109e-02
7.688689231872558594e-02
3.625898361206054688e-01
8.233958482742309570e-02
2.705049514770507812e-01
8.508177399635314941e-01
9.440076947212219238e-01
6.360709667205810547e-02
2.734645009040832520e-01
8.282870054244995117e-02
7.562917470932006836e-02
7.622516155242919922e-02
8.496623635292053223e-01
2.266572713851928711e-01
2.415198087692260742e-02
1.357463002204895020e-01
1.168172359466552734e-01
8.408700227737426758e-01
3.407275676727294922e-02
7.457011938095092773e-02
7.719779014587402344e-02
7.054489850997924805e-02
1.998384594917297363e-01
9.852409362792968750e-02
4.467651247978210449e-01
8.569482564926147461e-01
1.393048167228698730e-01
5.417799949645996094e-02
1.362269520759582520e-01
2.455625534057617188e-01
7.215529680252075195e-01
7.360661029815673828e-02
8.189280033111572266e-01
3.776347637176513672e-02
1.885443925857543945e-02
2.454143166542053223e-01
3.660494089126586914e-02
4.334536790847778320e-01
2.776455879211425781e-02
9.576141834259033203e-02
8.417755365371704102e-02
1.467525959014892578e-03
1.775979995727539062e-03
3.588449358940124512e-01
7.779061794281005859e-03
2.188956737518310547e-01
5.846856832504272461e-01
8.324109315872192383e-01
9.290608763694763184e-01
3.611981868743896484e-03
8.759855031967163086e-01
7.879078388214111328e-02
6.566694974899291992e-01
1.746426820755004883e-01
1.413781642913818359e-01
8.175964355468750000e-01
7.361745834350585938e-02
6.546163558959960938e-02
4.802882671356201172e-03
7.807908654212951660e-01
3.891998529434204102e-02
8.614506125450134277e-01
2.310729026794433594e-02
2.813220024108886719e-03
6.320557594299316406e-01
1.008504629135131836e-02
2.239657044410705566e-01
5.817511081695556641e-01
1.112264394760131836e-01
2.024459242820739746e-01
4.946012496948242188e-01
2.006828784942626953e-03
2.997884750366210938e-01
1.036722064018249512e-01
3.359764814376831055e-02
3.439742326736450195e-02
2.258008718490600586e-02
4.021692276000976562e-02
7.267441153526306152e-01
7.002840042114257812e-01
1.834769845008850098e-01
5.531734228134155273e-02
3.967725038528442383e-01
3.304001092910766602e-01
7.223963737487792969e-02
1.835671663284301758e-01
7.344537973403930664e-02
4.491168260574340820e-02
8.403214812278747559e-01
5.175714492797851562e-01
6.411205530166625977e-01
8.087193965911865234e-02
3.662705421447753906e-03
7.493206262588500977e-01
3.000074028968811035e-01
9.886276721954345703e-01
8.301614522933959961e-01
1.900182962417602539e-01
3.763788938522338867e-02
3.925913572311401367e-02
8.136594295501708984e-02
4.301798343658447266e-02
6.580237150192260742e-01
2.987027168273925781e-03
2.918058633804321289e-02
2.912620306015014648e-01
2.786540985107421875e-02
1.119601130485534668e-01
5.527633428573608398e-02
2.026242017745971680e-02
9.943009614944458008e-01
9.917348027229309082e-01
9.282067418098449707e-01
9.497290253639221191e-01
4.492400884628295898e-01
4.226116538047790527e-01
6.427365541458129883e-01
7.453483343124389648e-02
1.535451412200927734e-02
9.353522062301635742e-01
9.245486259460449219e-01
2.275534272193908691e-01
2.535339593887329102e-01
3.037738800048828125e-02
9.675264358520507812e-03
6.620666384696960449e-01
8.767949938774108887e-01
7.250362634658813477e-02
8.336676359176635742e-01
3.210204839706420898e-02
5.923223495483398438e-01
1.370080113410949707e-01
6.580966711044311523e-01
7.329690456390380859e-02
2.228925228118896484e-01
3.992781043052673340e-01
2.189231514930725098e-01
2.605184912681579590e-01
8.876442909240722656e-02
5.935108661651611328e-01
7.310706377029418945e-02
7.253616452217102051e-01
1.680464148521423340e-01
3.560081720352172852e-01
3.969806432723999023e-02
7.985055446624755859e-03
6.870111227035522461e-01
1.572897434234619141e-01
2.346621751785278320e-01
7.907984852790832520e-01
1.049822568893432617e-02
3.230503797531127930e-01
1.842509508132934570e-01
7.300144433975219727e-02
9.805886745452880859e-01
1.415203213691711426e-01
3.484203219413757324e-01
8.194142580032348633e-02
8.445000648498535156e-02
6.549571752548217773e-01
7.265549898147583008e-02
7.087606191635131836e-02
8.404576778411865234e-02
7.392235994338989258e-01
3.689670562744140625e-02
3.821511864662170410e-01
6.153857707977294922e-02
1.253814101219177246e-01
4.851226210594177246e-01
2.203500866889953613e-01
7.748253345489501953e-01
7.252967357635498047e-02
1.271684169769287109e-01
6.093567609786987305e-02
7.343244552612304688e-02
2.581547498703002930e-01
3.040881752967834473e-01
7.297539710998535156e-02
2.430100440979003906e-01
7.163506746292114258e-02
2.655951976776123047e-01
2.513426542282104492e-02
9.219412803649902344e-01
3.003669977188110352e-01
8.711487054824829102e-02
2.342225313186645508e-01
8.486099243164062500e-01
9.603953361511230469e-02
2.171474695205688477e-02
4.174381494522094727e-02
8.870521783828735352e-01
8.467010259628295898e-01
8.557399511337280273e-01
1.179230213165283203e-02
5.189722776412963867e-02
3.407058119773864746e-01
3.351474404335021973e-01
7.247686386108398438e-02
1.866570711135864258e-01
2.341301441192626953e-01
1.577546000480651855e-01
3.558704853057861328e-01
1.921914815902709961e-01
6.513066291809082031e-01
4.001300334930419922e-01
5.971888899803161621e-01
6.298416852951049805e-01
1.615703105926513672e-03
5.100018382072448730e-01
2.593278884887695312e-03
2.015221118927001953e-02
4.635212421417236328e-01
7.843476533889770508e-02
8.806026577949523926e-01
1.810997724533081055e-02
8.007657527923583984e-01
5.205643177032470703e-02
9.908132553100585938e-01
1.790076494216918945e-02
9.816008210182189941e-01
4.053622484207153320e-01
1.043900847434997559e-01
4.018318057060241699e-01
5.913865566253662109e-02
7.720607519149780273e-02
7.730722427368164062e-04
5.197340250015258789e-02
1.154019832611083984e-01
3.920584917068481445e-02
1.099880933761596680e-01
3.072130680084228516e-02
2.846613526344299316e-01
6.376094818115234375e-01
2.391079068183898926e-01
2.629440426826477051e-01
2.623325586318969727e-01
5.508264303207397461e-01
1.458495855331420898e-01
8.267357945442199707e-01
3.267090320587158203e-01
6.582820415496826172e-02
7.182163000106811523e-02
4.786840081214904785e-01
3.185282945632934570e-01
5.826255679130554199e-01
1.459056138992309570e-01
6.112977266311645508e-01
1.088885664939880371e-01
9.804606437683105469e-03
7.233468294143676758e-01
1.395606994628906250e-02
9.558290243148803711e-02
2.419611811637878418e-01
2.936142683029174805e-01
1.631723046302795410e-01
3.200417757034301758e-02
7.977873086929321289e-02
7.663353085517883301e-01
7.245095968246459961e-01
4.858297109603881836e-02
3.458133339881896973e-01
9.929021596908569336e-01
5.524706840515136719e-01
8.064534664154052734e-01
8.557543158531188965e-01
7.463586330413818359e-02
7.304608821868896484e-02
9.975109696388244629e-01
1.657575368881225586e-02
2.952152490615844727e-02
2.716946601867675781e-02
4.799566268920898438e-01
1.010288000106811523e-01
8.406043052673339844e-04
9.980587363243103027e-01
8.399665355682373047e-03
6.866401433944702148e-02
4.410535097122192383e-02
9.514689445495605469e-03
7.961657047271728516e-01
3.668862581253051758e-02
1.734594702720642090e-01
2.828121185302734375e-02
5.457758903503417969e-01
6.455085873603820801e-01
2.763474583625793457e-01
3.767478466033935547e-02
3.804953098297119141e-01
5.961148738861083984e-01
1.532726287841796875e-01
2.123104929924011230e-01
7.271939516067504883e-02
1.123063564300537109e-01
7.462859153747558594e-03
2.774000167846679688e-02
7.267451286315917969e-02
7.953083515167236328e-02
8.493042588233947754e-01
2.632377743721008301e-01
3.962624073028564453e-02
5.125159025192260742e-01
9.693515300750732422e-02
7.665425539016723633e-02
4.090184569358825684e-01
8.150154948234558105e-01
6.459391117095947266e-01
1.649807095527648926e-01
5.561786890029907227e-01
4.166530370712280273e-01
7.212034463882446289e-01
8.943746089935302734e-01
7.599846720695495605e-01
2.197153568267822266e-01
1.761031746864318848e-01
5.160046219825744629e-01
5.327225923538208008e-01
1.549959778785705566e-01
5.578668117523193359e-01
2.487728595733642578e-01
7.407295703887939453e-02
5.092684030532836914e-01
3.703850507736206055e-02
9.486031532287597656e-01
2.726825475692749023e-01
4.342997074127197266e-02
3.846216201782226562e-02
9.855048656463623047e-01
1.127432584762573242e-01
4.388340115547180176e-01
2.054476737976074219e-02
5.274256467819213867e-01
7.519507408142089844e-01
1.737518310546875000e-01
3.834084272384643555e-01
3.937697410583496094e-02
5.961483716964721680e-02
7.039002180099487305e-01
1.289170384407043457e-01
4.492110013961791992e-02
6.259083151817321777e-01
2.557950019836425781e-01
7.352101802825927734e-02
5.015872120857238770e-01
6.507744789123535156e-01
8.559334278106689453e-01
3.531038761138916016e-02
8.419293165206909180e-02
1.020688414573669434e-01
1.381201148033142090e-01
2.733696699142456055e-01
1.497862339019775391e-01
3.235703706741333008e-01
7.415342330932617188e-02
8.874089717864990234e-01
8.524680137634277344e-02
8.233390450477600098e-01
2.838606834411621094e-01
9.524631500244140625e-02
7.672142982482910156e-02
4.486702680587768555e-01
6.660223007202148438e-03
2.488710880279541016e-01
4.307633638381958008e-01
1.728266477584838867e-01
3.583329916000366211e-02
3.654724359512329102e-02
3.621352910995483398e-01
2.654385566711425781e-02
3.797755241394042969e-01
8.559977412223815918e-01
4.548358917236328125e-01
9.998192787170410156e-01
7.798964977264404297e-01
1.380512714385986328e-01
3.126452565193176270e-01
4.050344228744506836e-02
5.001068115234375000e-02
1.041525006294250488e-01
8.442318439483642578e-02
4.146196842193603516e-01
7.536178827285766602e-02
7.499195337295532227e-01
1.380857825279235840e-01
3.861305117607116699e-01
2.245146632194519043e-01
6.636118888854980469e-01
7.947564125061035156e-03
4.269140958786010742e-02
2.156382799148559570e-02
3.607140183448791504e-01
1.249372959136962891e-03
5.656393170356750488e-01
3.492760658264160156e-02
3.182137012481689453e-02
4.629874229431152344e-02
1.924265623092651367e-01
5.505363345146179199e-01
7.453268766403198242e-02
8.556885719299316406e-01
1.821041107177734375e-01
1.112752556800842285e-01
8.523901104927062988e-01
5.101627111434936523e-02
2.976107597351074219e-02
9.668397903442382812e-02
4.960227012634277344e-01
2.856636047363281250e-01
1.059789657592773438e-01
3.580055832862854004e-01
7.072108983993530273e-02
2.605199813842773438e-03
1.865214705467224121e-01
3.475230932235717773e-02
2.463520765304565430e-01
1.181361079216003418e-01
1.909171938896179199e-01
8.124983310699462891e-02
8.380255699157714844e-01
2.083590626716613770e-01
1.974191069602966309e-01
2.579671144485473633e-02
7.848870754241943359e-02
7.071131467819213867e-02
1.360368132591247559e-01
4.879599809646606445e-02
9.607733488082885742e-01
6.914289593696594238e-01
9.831241369247436523e-01
4.313345551490783691e-01
1.668809652328491211e-01
3.305431008338928223e-01
7.246977090835571289e-02
3.335940837860107422e-02
1.090986728668212891e-01
4.341595768928527832e-01
7.560420036315917969e-02
7.318860292434692383e-02
3.550490140914916992e-01
2.714760303497314453e-01
9.300470352172851562e-03
1.327801346778869629e-01
2.209677696228027344e-01
8.487641811370849609e-02
6.752107143402099609e-01
9.606474637985229492e-01
4.070250391960144043e-01
8.015453815460205078e-03
9.183234572410583496e-01
2.819871306419372559e-01
4.735269546508789062e-01
2.465131878852844238e-01
2.643072605133056641e-01
5.922528505325317383e-01
7.361161708831787109e-02
1.945275068283081055e-02
